 Stress_Period Precip SW_Irr GW_Irr ET Recharge Runoff Storage Error
   1            4066513.            1641197.             647756.           -8963943.            -291766.                  0.            2900242.                  0.
   2            5971931.                  0.                  0.           -3051926.            -498100.                  0.           -2421905.                 -0.
   3            3847915.                  0.                  0.            -709448.            -320801.                  0.           -2817666.                  0.
   4            4629442.                  0.                  0.            -947957.            -402592.                  0.           -3278894.                  0.
   5            4771590.                  0.                  0.           -1236207.            -627831.                  0.           -2907552.                  0.
   6           16933489.              26749.             229346.          -13515387.           -3079482.                  0.            -594715.                  0.
   7            6318744.            2284213.            4222570.          -14089850.            -622756.                  0.            1887080.                 -0.
   8            5365874.            4909969.            5909816.          -15181077.            -503923.                  0.            -500658.                  0.
   9            5838298.            7589389.            9125858.          -19025575.           -1106945.                  0.           -2421025.                 -0.
  10            4285536.            3899918.           14911397.          -23501801.           -1865894.                  0.            2270843.                  0.
  11            1465048.            1620901.           13642901.          -16790922.           -1174445.                  0.            1236517.                  0.
  12             372378.            1436577.            3050928.          -11094174.            -773823.                  0.            7008114.                  0.
  13            3438474.            1339632.             608238.           -7777293.            -481961.                  0.            2872910.                  0.
  14           13615465.                  0.                  0.           -2289110.           -1839853.                  0.           -9486503.                  0.
  15           10055835.                  0.                  0.            -699629.           -2728726.                  0.           -6627479.                 -0.
  16            9275055.                  0.                  0.            -953725.           -2989366.                  0.           -5331964.                 -0.
  17             662721.                  0.                  0.           -1273249.            -207485.                  0.             818013.                  0.
  18            7735621.              65155.             389699.          -12237174.           -1183925.                  0.            5230624.                  0.
  19            6684325.            3252437.            5405525.          -17559258.            -650245.                  0.            2867216.                 -0.
  20            2337380.            7860998.            9493161.          -20370464.            -211848.                  0.             890773.                 -0.
  21           12947687.            6063777.           10110660.          -25183903.           -2372007.                  0.           -1566213.                 -0.
  22            1389836.            4404967.           15237584.          -22666124.           -1761581.                  0.            3395318.                  0.
  23                  0.            1107285.           16459709.          -17241762.           -1303713.                  0.             978481.                 -0.
  24             858482.            2632708.            2761789.          -12677703.            -869746.                  0.            7294471.                  0.
  25           12384493.            1544778.             480354.          -10417827.           -1652104.                  0.           -2339695.                  0.
  26            5827405.                  0.                  0.           -3363070.            -723643.                  0.           -1740692.                 -0.
  27           22447534.                  0.                  0.            -740073.           -6286103.                  0.          -15421359.                  0.
  28           26584368.                  0.                  0.            -741965.          -18022086.                  0.           -7820317.                 -0.
  29             874791.                  0.                  0.           -1030161.            -585092.                  0.             740462.                 -0.
  30            9874164.                  0.                 55.          -12306000.           -1078532.                  0.            3510312.                  0.
  31            9819852.              60729.             113456.          -15591584.           -1018514.                  0.            6616060.                  0.
  32           19484765.            5606875.            6809655.          -22610692.           -2442272.                  0.           -6848331.                  0.
  33            4549767.            9679426.           11620299.          -27690156.           -3573916.                  0.            5414580.                  0.
  34                  0.            9933620.           12494310.          -23192412.           -2830550.                  0.            3595031.                  0.
  35            4894143.            5056117.           11331171.          -20469498.           -2287592.                  0.            1475659.                  0.
  36            1182363.            4267587.            2368482.          -14711201.           -1056276.                  0.            7949046.                 -0.
  37            3719191.            1504741.             467905.           -9740429.            -667113.                  0.            4715706.                  0.
  38            3452041.                  0.                  0.           -1829899.            -257150.                  0.           -1364992.                  0.
  39           12999486.                  0.                  0.            -717648.           -1998690.                  0.          -10283148.                 -0.
  40           10455993.                  0.                  0.            -715412.           -3570884.                  0.           -6169697.                 -0.
  41             265088.                  0.                  0.           -1017853.             -91770.                  0.             844535.                 -0.
  42            3216089.             163170.             818657.          -13422677.            -294971.                  0.            9519733.                  0.
  43            1114022.            3389999.            5660921.          -14479420.             -65802.                  0.            4380281.                  0.
  44            7945150.            7312557.            8865239.          -20476285.            -583598.                  0.           -3063064.                 -0.
  45                  0.            7987247.           13579832.          -20873079.            -813501.                  0.             119501.                  0.
  46                  0.            1613882.           19791994.          -21953948.           -1226197.                  0.            1774269.                 -0.
  47                  0.             880253.           15940773.          -15671678.           -1290707.                  0.             141359.                 -0.
  48            1028069.             731616.            3634177.          -11256490.            -901277.                  0.            6763905.                 -0.
  49             143110.            1211447.             727609.           -5384209.            -254070.                  0.            3556114.                  0.
  50           19999844.                  0.                  0.           -2740120.           -2786099.                  0.          -14473624.                  0.
  51            9471551.                  0.                  0.            -718787.           -2725260.                  0.           -6027504.                 -0.
  52           54559077.                  0.                  0.            -520466.          -40453270.                  0.          -13585341.                  0.
  53             304852.                  0.                  0.           -1624853.            -218535.                  0.            1538536.                  0.
  54           29760083.                  0.                  0.           -9813050.          -20890867.                  0.             943834.                  0.
  55           13849492.               3282.              17561.          -15633143.           -1452911.                  0.            3215720.                  0.
  56            9268192.            4278953.            5268793.          -24038683.           -1101450.                  0.            6324195.                  0.
  57            6965293.            8535307.           10252132.          -26050549.           -1368624.                  0.            1666442.                  0.
  58            8377836.            9690615.           10774295.          -25110781.           -4050408.                  0.             318443.                 -0.
  59                  0.            7313069.           12790226.          -20307482.           -2338470.                  0.            2542657.                  0.
  60             310946.            4315241.            2232633.          -13742421.           -1073909.                  0.            7957510.                  0.
  61             114488.            1933161.             601123.           -7574575.            -350561.                  0.            5276365.                 -0.
  62            3265349.                  0.                  0.           -2332841.            -197884.                  0.            -734625.                  0.
  63           47733147.                  0.                  0.            -753188.          -19588754.                  0.          -27391205.                  0.
  64           43721917.                  0.                  0.            -764279.          -41288598.                  0.           -1669040.                  0.
  65            2920790.                  0.                  0.           -1275290.           -2217415.                  0.             571916.                 -0.
  66            6807206.                  0.                472.          -11145796.            -714465.                  0.            5052582.                  0.
  67            9849335.            1530849.            1844925.          -16837012.            -885725.                  0.            4497628.                  0.
  68            7416498.            6848608.            8237840.          -23465775.            -547724.                  0.            1510553.                 -0.
  69            1032528.           10937984.           13057691.          -25833055.           -2652990.                  0.            3457842.                 -0.
  70             822959.           10092173.           15205967.          -25564270.           -3011155.                  0.            2454326.                 -0.
  71             417674.            3289297.           16396643.          -20808770.           -1687561.                  0.            2392718.                  0.
  72            2171415.            2822816.            2426904.          -13094176.           -1062838.                  0.            6735879.                  0.
  73            7737014.            1782436.             554255.           -9461731.            -907819.                  0.             295845.                 -0.
  74           23920798.                  0.                  0.           -2879756.           -5136618.                  0.          -15904424.                  0.
  75           51307607.                  0.                  0.            -775268.          -39496776.                  0.          -11035563.                  0.
  76           28758681.                  0.                  0.            -966721.          -27762636.                  0.             -29324.                 -0.
  77             371124.                  0.                  0.           -1014536.            -276998.                  0.             920410.                 -0.
  78            5305488.               1592.               8468.          -12143285.           -1510676.                  0.            8338413.                  0.
  79            4437458.            2453822.            3427159.          -16108246.            -311851.                  0.            6101658.                  0.
  80            1399788.            9896436.           11900235.          -25127807.             -83006.                  0.            2014354.                  0.
  81            7069693.            9145913.           11139179.          -22298018.           -2683586.                  0.           -2373181.                  0.
  82            2125851.            5474611.            8095897.          -15423015.           -1749011.                  0.            1475667.                  0.
  83            6603800.             771140.             855244.           -2296815.           -2175022.                  0.           -3758347.                 -0.
  84            3581591.             594145.             184752.           -2341907.           -1158360.                  0.            -860221.                 -0.
  85            8211587.             106946.              33255.           -1225215.           -2885009.                  0.           -4241565.                 -0.
  86           13108212.                  0.                  0.            -690877.           -8161026.                  0.           -4256310.                  0.
  87            6196957.                  0.                  0.            -725758.           -4530622.                  0.            -940577.                 -0.
  88           31266384.                  0.                  0.            -799680.          -28227084.                  0.           -2239620.                  0.
  89             212071.                  0.                  0.           -1017439.            -150842.                  0.             956210.                  0.
  90           16716671.                  0.                  0.          -11108447.           -6241871.                  0.             633647.                  0.
  91            3540706.            1094141.            1327646.          -16670794.            -254438.                  0.           10962739.                  0.
  92           18341374.            4145173.            5032257.          -19285555.           -1700456.                  0.           -6532793.                 -0.
  93            9645572.            8972278.           10701410.          -27902956.           -4330383.                  0.            2914080.                  0.
  94            2344699.           12658950.           14015668.          -28598374.           -3856725.                  0.            3435783.                 -0.
  95             306842.            8696597.           13484626.          -22103936.           -2665208.                  0.            2281081.                  0.
  96            3763795.            4644931.            2145295.          -16127050.           -1875604.                  0.            7448632.                 -0.
  97            7519426.            1469860.             457058.          -10212204.           -1200307.                  0.            1966166.                  0.
  98           43554971.                  0.                  0.           -2775629.          -17369339.                  0.          -23410003.                  0.
  99            6587372.                  0.                  0.            -725655.           -5702270.                  0.            -159447.                  0.
 100           24986579.                  0.                  0.            -976394.          -23397375.                  0.            -612809.                  0.
 101            2465321.                  0.                  0.           -1658978.           -1841794.                  0.            1035451.                 -0.
 102            4949309.                 59.                537.           -9785603.           -1092331.                  0.            5928029.                 -0.
 103             856278.            2964087.            3627293.          -16101800.             -32909.                  0.            8687051.                  0.
 104             284198.            8880032.           10657536.          -21454121.             -47003.                  0.            1679358.                 -0.
 105                  0.           10809029.           12913378.          -21628128.           -2150666.                  0.              56386.                  0.
 106                  0.           11073316.           14509537.          -23524917.           -2945002.                  0.             887066.                  0.
 107            1123400.            6059571.           12343403.          -19566139.           -1859024.                  0.            1898789.                  0.
 108                  0.            4916698.            2492627.          -13744578.           -1112113.                  0.            7447366.                 -0.
 109            6013542.            2138923.             665106.           -8618335.            -894550.                  0.             695313.                 -0.
 110           17795032.                  0.                  0.           -3411473.           -3505897.                  0.          -10877662.                 -0.
 111            5312665.                  0.                  0.            -718394.           -1758719.                  0.           -2835553.                 -0.
 112           35180875.                  0.                  0.            -765988.          -21279298.                  0.          -13135589.                  0.
 113            3489610.                  0.                  0.           -1318622.           -2113404.                  0.             -57584.                  0.
 114            9232849.                  0.                157.           -7370273.           -5229069.                  0.            3366337.                  0.
 115           14482354.              29272.              65614.          -18140827.           -2073360.                  0.            5636947.                 -0.
 116            2587126.            7274496.            8853533.          -23206650.            -138752.                  0.            4630247.                  0.
 117            2008985.            4590151.            5451695.          -11656443.            -557989.                  0.             163602.                  0.
 118            3989482.            7831933.           10969107.          -22363523.           -2309788.                  0.            1882789.                  0.
 119             350077.            2205050.           15131379.          -19458627.           -1479729.                  0.            3251850.                  0.
 120             883885.            2513921.            2806613.          -12752976.            -829070.                  0.            7377627.                  0.
 121           11398943.            1479887.             460176.          -10092558.           -1376074.                  0.           -1870374.                  0.
 122            3806065.                  0.                  0.           -2703725.            -338807.                  0.            -763532.                  0.
 123            5284851.                  0.                  0.            -712677.           -1038354.                  0.           -3533820.                 -0.
 124            6741824.                  0.                  0.            -960936.           -1643054.                  0.           -4137834.                 -0.
 125            3750330.                  0.                  0.           -1126416.            -930325.                  0.           -1693590.                 -0.
 126           11768463.             106377.             544109.          -12242537.           -2524685.                  0.            2348273.                  0.
 127            4996716.            2811066.            4676407.          -15211088.            -451054.                  0.            3177954.                  0.
 128            2210440.           10142003.           12177571.          -23274346.            -261104.                  0.            -994564.                  0.
 129             493376.            4223867.           15681342.          -21806228.           -1166030.                  0.            2573674.                  0.
 130            2408668.            1121375.           17926124.          -20597606.           -1598677.                  0.             740115.                  0.
 131                  0.             846547.           17356549.          -17043871.           -1374593.                  0.             215368.                  0.
 132            2585536.             693442.            3600942.          -12211118.           -1208070.                  0.            6539268.                 -0.
 133            1313505.             682645.             981773.           -6267927.            -325499.                  0.            3615505.                 -0.
 134           30908691.                  0.                  0.           -2062749.           -6178395.                  0.          -22667547.                  0.
 135           24642115.                  0.                  0.            -773748.          -15078353.                  0.           -8790014.                 -0.
 136           18780782.                  0.                  0.            -992776.          -15556313.                  0.           -2231693.                  0.
 137           12265877.                  0.                  0.           -1418036.          -10608270.                  0.            -239571.                  0.
 138            2518332.              13386.              78903.          -14594408.            -207421.                  0.           12191209.                  0.
 139            8206100.            2963878.            4475778.          -15920755.            -824345.                  0.            1099345.                  0.
 140            1522817.            7681640.            9241519.          -20795256.            -114510.                  0.            2463790.                  0.
 141             585936.            9764422.           11550130.          -20861053.           -1512750.                  0.             473316.                  0.
 142             901875.            5281632.           14918995.          -22420915.           -1765199.                  0.            3083612.                  0.
 143                  0.            1797635.           16085195.          -18144739.           -1342251.                  0.            1604160.                 -0.
 144             687834.            1280522.            3705935.          -12738855.            -912111.                  0.            7976675.                 -0.
 145                  0.            1381591.             674870.           -5966503.            -243639.                  0.            4153681.                 -0.
 146           21522996.                  0.                  0.           -2577055.           -3237639.                  0.          -15708302.                  0.
 147           72561527.                  0.                  0.            -766268.          -54388380.                  0.          -17406879.                 -0.
 148           17614457.                  0.                  0.           -1004148.          -16639060.                  0.              28750.                 -0.
 149           25944796.                  0.                  0.           -3345090.          -22570942.                  0.             -28763.                  0.
 150           18665194.                  0.                  0.          -14676269.           -6330707.                  0.            2341782.                  0.
 151           17230283.                 52.                979.          -13266433.           -3123437.                  0.            -841444.                  0.
 152            1577937.            4962367.            6022089.          -25023244.             -59307.                  0.           12520158.                 -0.
 153                  0.           12099138.           14369492.          -27758226.           -1494545.                  0.            2784141.                  0.
 154            7023777.           10203165.           13897784.          -27937106.           -3692090.                  0.             504470.                 -0.
 155           14685089.            7025194.           10722294.          -24363856.           -5375922.                  0.           -2692799.                  0.
 156             419339.            4047101.            2467945.          -14180599.           -1371696.                  0.            8617910.                 -0.
 157                  0.            1760277.             685372.           -8247497.            -314432.                  0.            6116279.                 -0.
 158           11148719.                  0.                  0.           -3351831.            -862911.                  0.           -6933976.                 -0.
 159           20201948.                  0.                  0.            -762258.           -6049825.                  0.          -13389866.                 -0.
 160           16317429.                  0.                  0.           -1261551.           -8294912.                  0.           -6760965.                 -0.
 161           51095885.                  0.                  0.           -2018541.          -46871235.                  0.           -2206109.                  0.
 162            6989847.                669.               4054.          -11107419.           -2126238.                  0.            6239087.                 -0.
 163            3278967.            2875559.            3672507.          -18735445.            -179028.                  0.            9087439.                 -0.
 164            5193901.            7269202.            8732914.          -22289145.            -302492.                  0.            1395619.                  0.
 165             866227.           10962616.           12966083.          -23752290.           -1781283.                  0.             738647.                 -0.
 166             794738.            6804350.           17456917.          -26028651.           -2264074.                  0.            3236720.                 -0.
 167            1046969.            1736480.           16103552.          -19119362.           -1338802.                  0.            1571164.                  0.
 168                  0.            1671364.            3421171.          -11931370.            -820618.                  0.            7659452.                 -0.
 169           15772076.            1672264.             517597.           -9499465.           -2598850.                  0.           -5863623.                 -0.
 170            5996809.                  0.                  0.           -3373573.            -480043.                  0.           -2143194.                 -0.
 171           27706885.                  0.                  0.           -1195680.           -9367905.                  0.          -17143301.                  0.
 172            9753292.                  0.                  0.            -972874.           -6409325.                  0.           -2371094.                  0.
 173           71742025.                  0.                  0.           -1465946.          -67809580.                  0.           -2466500.                 -0.
 174            4920519.               2231.               9993.          -13375630.            -538147.                  0.            8981034.                  0.
 175            5797288.            2433410.            3048492.          -15147647.            -482783.                  0.            4351239.                  0.
 176           14136028.            5716384.            6892946.          -21485384.           -1611674.                  0.           -3648300.                 -0.
 177            1678262.            8114447.            9636782.          -21160463.           -2034904.                  0.            3765875.                 -0.
 178            1780889.            8828520.           13514876.          -24163799.           -2698025.                  0.            2737539.                  0.
 179                  0.            2846691.           16576575.          -21204470.           -1441706.                  0.            3222909.                  0.
 180                  0.            1785391.            2905686.          -11223159.            -689917.                  0.            7221999.                  0.
 181            1364229.            1297862.             566344.           -7003181.            -279630.                  0.            4054376.                 -0.
 182           25522480.                  0.                  0.           -2719655.           -4774303.                  0.          -18028522.                 -0.
 183           64441128.                  0.                  0.            -748496.          -51034685.                  0.          -12657946.                 -0.
 184           33588155.                  0.                  0.            -790716.          -32797234.                  0.               -204.                 -0.
 185           10428971.                  0.                  0.           -1299106.           -9425875.                  0.             296011.                 -0.
 186           11863470.                  0.                  0.           -7441377.           -4199443.                  0.            -222650.                  0.
 187            6441019.               4241.              21110.          -14595391.            -570078.                  0.            8699099.                 -0.
 188            3469312.            6180995.            7523949.          -23467011.            -164964.                  0.            6457720.                  0.
 189            1106884.           10395199.           12261112.          -24705102.           -1171357.                  0.            2113263.                  0.
 190                  0.            9702427.           14903267.          -24732914.           -2438522.                  0.            2565741.                 -0.
 191            2919419.            4468515.           12311839.          -19057768.           -1643819.                  0.            1001813.                  0.
 192                  0.            3704199.            2239757.          -12116004.            -669754.                  0.            6841802.                  0.
 193             489010.            1393303.             521576.           -6201394.            -206794.                  0.            4004299.                 -0.
 194           19743731.                  0.                  0.           -2684038.           -3001190.                  0.          -14058504.                  0.
 195           27559644.                  0.                  0.            -732647.          -12515243.                  0.          -14311754.                  0.
 196            8608706.                  0.                  0.            -695392.           -6652118.                  0.           -1261195.                 -0.
 197           19840463.                  0.                  0.           -1134682.          -16711999.                  0.           -1993782.                 -0.
 198            1317238.               3367.              25170.          -12167313.             -89660.                  0.           10911198.                 -0.
 199             841260.            3328641.            5013042.          -15801397.             -35167.                  0.            6653621.                  0.
 200            2972570.            8566968.           10257338.          -22747485.            -191018.                  0.            1141627.                 -0.
 201             270306.            8301910.           12400110.          -20785656.            -832500.                  0.             645830.                  0.
 202            1390857.            3353637.           15463483.          -21370773.           -1292844.                  0.            2455640.                  0.
 203             254192.            1568765.           14597128.          -16145875.            -983837.                  0.             709626.                  0.
 204             277148.            1202146.            2848679.           -9997788.            -592951.                  0.            6262766.                 -0.
 205           16379621.            1053771.             322654.           -9420632.           -2663689.                  0.           -5671725.                 -0.
 206            4312158.                  0.                  0.           -3351647.            -332879.                  0.            -627632.                 -0.
 207           15218881.                  0.                  0.            -734389.           -3824017.                  0.          -10660474.                 -0.
 208           28590677.                  0.                  0.            -763496.          -16543424.                  0.          -11283756.                 -0.
 209           31484755.                  0.                  0.           -1458922.          -29417993.                  0.            -607840.                  0.
 210            2675321.                208.               1813.           -9815104.            -220176.                  0.            7357938.                 -0.
 211            1972196.            2726880.            3380541.          -15089773.            -144379.                  0.            7154536.                  0.
 212            5722405.            7253034.            8725902.          -22363031.            -411627.                  0.            1073318.                  0.
 213             775659.           10003967.           11728685.          -22102479.           -1917635.                  0.            1511804.                  0.
 214                  0.            7119047.           14167883.          -22022789.           -1935115.                  0.            2670975.                  0.
 215                  0.            2082766.           14285805.          -17631383.            -901552.                  0.            2164364.                  0.
 216                  0.            1485818.            3133372.          -11331450.            -568353.                  0.            7280613.                  0.
 217            2609839.            1467329.             479206.           -6656556.            -335036.                  0.            2435220.                 -0.
 218           10487240.                  0.                  0.           -3394709.            -935652.                  0.           -6156878.                 -0.
 219            7545058.                  0.                  0.            -734472.           -1409009.                  0.           -5401578.                 -0.
 220            5740828.                  0.                  0.            -946191.           -1506016.                  0.           -3288621.                  0.
 221           21909486.                  0.                  0.           -1132795.           -8456943.                  0.          -12319748.                 -0.
 222            8183859.               6295.              47678.           -9807039.           -2998920.                  0.            4568127.                 -0.
 223            1156192.            3295124.            4324454.          -16217964.             -80306.                  0.            7522500.                  0.
 224           13803202.            7549061.            9069557.          -24691419.           -2645949.                  0.           -3084451.                  0.
 225           10785656.            7786154.            9162042.          -25342820.           -3532598.                  0.            1141566.                  0.
 226                  0.            3588387.           16540925.          -23067586.           -1711702.                  0.            4649976.                  0.
 227            1037759.            1573442.           14337278.          -16741549.           -1046229.                  0.             839298.                  0.
 228             202791.            1268276.            3439025.          -12233751.            -700643.                  0.            8024301.                 -0.
 229            8602192.            1290080.             448035.          -10278597.           -1682933.                  0.            1621223.                  0.
 230            8556114.                  0.                  0.           -3265437.            -638070.                  0.           -4652607.                 -0.
 231            7281414.                  0.                  0.            -736330.           -1248662.                  0.           -5296422.                 -0.
 232           25942097.                  0.                  0.            -770414.           -9191325.                  0.          -15980359.                 -0.
 233           17659970.                  0.                  0.           -1353663.          -13041483.                  0.           -3264825.                 -0.
 234            9075931.                  0.                  0.          -11108734.           -1951603.                  0.            3984406.                 -0.
 235           15729640.              19832.              43886.          -14591605.           -2459390.                  0.            1257638.                  0.
 236            4222122.            3912987.            4764565.          -20188697.            -195610.                  0.            7484633.                 -0.
 237            2422703.            8867751.           10425214.          -23912690.            -718003.                  0.            2915027.                 -0.
 238            1426371.           11055253.           12943357.          -24521517.           -2671394.                  0.            1767931.                  0.
 239                  0.            3966312.           13388805.          -19160177.           -1303230.                  0.            3108290.                  0.
 240            4380400.            2764729.            2383196.          -14557858.           -1000697.                  0.            6030230.                  0.
 241           30436565.            1723121.             521730.           -8449824.           -7174218.                  0.          -17057374.                 -0.
 242            8512003.                  0.                  0.           -2700761.           -2331161.                  0.           -3480081.                 -0.
 243           29362397.                  0.                  0.            -770893.          -22226457.                  0.           -6365047.                  0.
 244            5626776.                  0.                  0.            -937055.           -4864559.                  0.             174838.                  0.
 245           11230782.                  0.                  0.           -1077084.           -9896094.                  0.            -257605.                  0.
 246           26458534.                  0.                  0.           -8655929.          -18392271.                  0.             589665.                 -0.
 247            3121613.              43839.              77434.          -13200140.            -156209.                  0.           10113462.                  0.
 248           10159962.            4834359.            5845907.          -18808580.            -728384.                  0.           -1303264.                 -0.
 249            7058115.            7571787.            8929173.          -23936699.           -2003112.                  0.            2380735.                 -0.
 250            2026901.            8529209.            9319873.          -19966672.           -2347291.                  0.            2437981.                 -0.
 251             953280.            6806080.            9748270.          -17426912.           -1819358.                  0.            1738641.                 -0.
 252             275050.            3739106.            2883439.          -16061646.           -1101613.                  0.           10265665.                 -0.
 253            6515048.             932030.             282885.           -8520916.           -1261804.                  0.            2052756.                 -0.
 254            5373219.                  0.                  0.           -2497153.            -409312.                  0.           -2466754.                  0.
 255            4368965.                  0.                  0.            -766398.            -361941.                  0.           -3240626.                  0.
 256           22015796.                  0.                  0.            -880244.           -6990596.                  0.          -14144956.                  0.
 257            7643243.                  0.                  0.           -1513854.           -2981745.                  0.           -3147644.                 -0.
 258           26207182.                  0.                  0.           -9396626.          -12113444.                  0.           -4697112.                  0.
 259            9420633.               2960.              17136.          -15421080.           -2596203.                  0.            8576554.                 -0.
 260            1566152.            6685421.            8066848.          -23537987.             -77347.                  0.            7296913.                  0.
 261            3236704.            8146197.            9686726.          -20839905.           -1094124.                  0.             864403.                 -0.
 262             473234.            6751565.           11750162.          -19515749.           -1628461.                  0.            2169249.                  0.
 263                  0.            1917688.           13408096.          -16828686.            -826537.                  0.            2329440.                  0.
 264                  0.            1334628.            3044749.          -11330274.            -527002.                  0.            7477899.                  0.
 265            4104420.            1635172.             647034.           -6809289.            -484691.                  0.             907353.                  0.
 266           21749833.                  0.                  0.           -2942953.           -3878044.                  0.          -14928836.                  0.
 267           42165816.                  0.                  0.           -1203219.          -25769532.                  0.          -15193065.                  0.
 268           10321008.                  0.                  0.           -1044411.           -9210709.                  0.             -65887.                 -0.
 269            2543407.                  0.                  0.           -1350949.           -1902150.                  0.             709693.                 -0.
 270            7929942.                346.               1517.          -11919767.           -1026006.                  0.            5013968.                 -0.
 271            4537551.            2121132.            2534447.          -16715931.            -508123.                  0.            8030924.                  0.
 272           10391819.            7372248.            8804609.          -22965600.           -1636823.                  0.           -1966252.                 -0.
 273            1142727.            7696563.           11987307.          -23007325.           -1908926.                  0.            4089655.                  0.
 274            8806442.            2797411.           13864662.          -22922331.           -2855172.                  0.             308987.                  0.
 275            2466918.            1329377.           11326460.          -15889836.           -1059537.                  0.            1826619.                  0.
 276            9038497.            1588973.            2087012.          -11629314.           -2293743.                  0.            1208576.                  0.
 277             830657.            1759979.             566521.          -10456816.            -224621.                  0.            7524281.                  0.
 278            2605596.                  0.                  0.           -2445661.            -206107.                  0.              46172.                  0.
 279            3357496.                  0.                  0.            -867426.            -261913.                  0.           -2228157.                  0.
 280            9409530.                  0.                  0.           -1098507.           -1228866.                  0.           -7082157.                  0.
 281           20517177.                  0.                  0.           -1241246.           -6740985.                  0.          -12534946.                  0.
 282           20019887.                 23.                599.          -11833867.           -7461252.                  0.            -725389.                 -0.
 283            1301075.            2342352.            2715617.          -16350932.             -78794.                  0.           10070681.                  0.
 284            3609679.            6866981.            9680382.          -22390448.            -329309.                  0.            2562716.                 -0.
 285            1754142.            3316327.           14823117.          -22513033.           -1082231.                  0.            3701678.                 -0.
 286            1155908.            1126823.           15552149.          -17803741.            -911864.                  0.             880724.                  0.
 287            1551351.             813865.           13256013.          -14741536.            -862319.                  0.             -17373.                  0.
 288           11477967.            1070451.            2949760.          -12627146.           -2891809.                  0.              20777.                 -0.
 289           16264420.            1685505.             710551.          -10442035.           -3045712.                  0.           -5172729.                 -0.
 290           11988701.                  0.                  0.           -3065271.           -2838062.                  0.           -6085369.                 -0.
 291           25719979.                  0.                  0.            -686978.          -15333293.                  0.           -9699708.                 -0.
 292            6489672.                  0.                  0.           -1217805.           -5562782.                  0.             290915.                 -0.
 293           43825341.                  0.                  0.           -1651333.          -42362607.                  0.             188599.                  0.
 294            4859104.                270.               4693.          -12397634.            -533440.                  0.            8067007.                 -0.
 295            2453973.            3718945.            4363720.          -16341499.            -230098.                  0.            6034960.                  0.
 296            9461064.            6559802.            8355058.          -22446665.           -1232415.                  0.            -696844.                  0.
 297            2412604.            6201618.           13162853.          -23540041.           -1579641.                  0.            3342606.                  0.
 298            3261284.            1872640.           13243060.          -19398033.            -995395.                  0.            2016445.                 -0.
 299            1597553.            1104378.           12024983.          -14525018.            -747869.                  0.             545973.                 -0.
 300             314326.            1105124.            2733244.           -9994943.            -550520.                  0.            6392769.                 -0.
 301            2661520.            1258180.             808528.           -7190158.            -381535.                  0.            2843465.                 -0.
 302            4558693.                  0.                  0.           -2566114.            -352353.                  0.           -1640226.                 -0.
 303           41828780.                  0.                  0.            -520015.          -15194561.                  0.          -26114204.                  0.
 304           42330988.                  0.                  0.            -628405.          -39772226.                  0.           -1930356.                 -0.
 305            9149336.                  0.                  0.           -1108000.           -8010417.                  0.             -30918.                  0.
 306           29768289.                  0.                  0.          -10960597.          -23278519.                  0.            4470827.                 -0.
 307            7533512.            3154743.            3579474.          -19559283.            -692653.                  0.            5984207.                  0.
 308            6124661.            7572082.            9056006.          -23328446.           -1433897.                  0.            2009594.                  0.
 309            2190142.            9835320.           11696308.          -23688909.           -2500356.                  0.            2467496.                 -0.
 310                  0.            6339073.           13875773.          -21594380.           -1766172.                  0.            3145706.                 -0.
 311                  0.            2256494.           13783758.          -16999382.            -929953.                  0.            1889083.                  0.
 312                  0.            1924006.            2676828.          -10693167.            -555406.                  0.            6647739.                  0.
 313           40429130.            1350759.             410559.           -7070072.          -11862130.                  0.          -23258245.                  0.
 314           11164614.                  0.                  0.           -3297320.           -5567060.                  0.           -2300234.                 -0.
 315           20064140.                  0.                  0.            -392667.          -18772302.                  0.            -899171.                 -0.
 316           37395714.                  0.                  0.            -452796.          -36923762.                  0.             -19157.                  0.
 317           37867896.                  0.                  0.           -1128055.          -36666638.                  0.             -73202.                  0.
 318           11660911.                  0.                  0.          -10373068.           -2441567.                  0.            1153724.                  0.
 319           11349354.               2968.              15279.          -16537959.           -1739841.                  0.            6910199.                 -0.
 320            3030839.            7610010.            9145805.          -25410542.            -227517.                  0.            5851406.                 -0.
 321            2612140.            9664212.           11487437.          -23933261.           -2053049.                  0.            2222521.                 -0.
 322                  0.            9882224.           13185497.          -22544721.           -2359332.                  0.            1836332.                 -0.
 323            3609679.            4088396.           10482604.          -18091652.           -1469883.                  0.            1380856.                 -0.
 324             801024.            3265564.            1633600.          -10876714.            -484867.                  0.            5661393.                 -0.
 325            1844315.            2031867.             617579.           -7869263.            -393948.                  0.            3769449.                 -0.
 326           14003986.                  0.                  0.           -2619017.           -2049758.                  0.           -9335211.                  0.
 327            3762448.                  0.                  0.            -464776.            -970164.                  0.           -2327508.                  0.
 328           10275035.                  0.                  0.            -678756.           -3211096.                  0.           -6385183.                 -0.
 329            2674408.                  0.                  0.           -1313895.            -887934.                  0.            -472579.                  0.
 330           11845404.              23321.             157301.          -11717969.           -1813237.                  0.            1505179.                 -0.
 331           11746338.            2981967.            4075011.          -16423128.           -1296992.                  0.           -1083196.                  0.
 332           13858377.            6624629.            7899005.          -24122628.           -4322016.                  0.              62633.                 -0.
 333             301869.            7416622.           13292203.          -24949098.           -1952116.                  0.            5890520.                 -0.
 334            1460095.            2098195.           15290391.          -20128484.           -1244508.                  0.            2524311.                 -0.
 335                  0.            1226684.           13208465.          -14139334.            -853688.                  0.             557872.                 -0.
 336                  0.            1331982.            2847937.          -10485576.            -561977.                  0.            6867635.                 -0.
 337            2908612.             893810.             387898.           -7110600.            -397271.                  0.            3317551.                  0.
 338           16401213.                  0.                  0.           -1590151.           -2219383.                  0.          -12591679.                 -0.
 339           17127778.                  0.                  0.            -483148.           -5685857.                  0.          -10958772.                 -0.
 340           11660808.                  0.                  0.            -744325.           -6893426.                  0.           -4023058.                  0.
 341           31111816.                  0.                  0.            -979428.          -27796321.                  0.           -2336067.                  0.
 342            6448462.                  0.                499.          -11437855.            -784635.                  0.            5773529.                 -0.
 343            7882492.            1537964.            1837853.          -16696400.            -872143.                  0.            6310234.                 -0.
 344            7886695.            6909723.            8225275.          -23145403.            -584243.                  0.             707953.                  0.
 345                  0.           10868611.           12937457.          -25029151.           -2170751.                  0.            3393834.                 -0.
 346                  0.            7804184.           12671145.          -21313159.           -1897869.                  0.            2735698.                  0.
 347            7264308.            2487998.           11237753.          -19029776.           -2105212.                  0.             144929.                 -0.
 348            6148836.            2452605.            1763697.          -12489757.           -1515638.                  0.            3640256.                 -0.
 349            2729183.            1872837.             595046.           -9029826.            -486117.                  0.            4318877.                  0.
 350            2904158.                  0.                  0.           -1835266.            -251131.                  0.            -817760.                  0.
 351           15244065.                  0.                  0.            -521930.           -2744745.                  0.          -11977390.                  0.
 352           15933425.                  0.                  0.            -651170.           -6083510.                  0.           -9198745.                 -0.
 353             283413.                  0.                  0.           -1505702.            -102671.                  0.            1324960.                  0.
 354            2168073.             140477.             738154.          -12379328.            -186948.                  0.            9519572.                  0.
 355            1177071.            4518349.            6963644.          -18593128.             -72016.                  0.            6006079.                  0.
 356            8195330.            6854359.            8165181.          -18560901.            -746951.                  0.           -3907018.                 -0.
 357            4752126.            8487558.           11609962.          -23176830.           -1702209.                  0.              29393.                 -0.
 358            2909254.            2050323.           15779702.          -22831380.           -1215237.                  0.            3307339.                 -0.
 359             534845.            1130564.           13516484.          -14890032.            -783870.                  0.             492010.                  0.
 360                  0.             934499.            2897947.          -10068735.            -465758.                  0.            6702047.                 -0.
 361                  0.            1171436.             762981.           -5810332.            -170574.                  0.            4046489.                  0.
 362           11367729.                  0.                  0.           -1898327.            -958895.                  0.           -8510508.                 -0.
 363           15558372.                  0.                  0.            -416002.           -3742127.                  0.          -11400242.                  0.
 364           11646816.                  0.                  0.            -625007.           -4344004.                  0.           -6677805.                 -0.
 365           15986196.                  0.                  0.           -1191693.          -11106793.                  0.           -3687710.                  0.
 366            9670251.               1874.              15316.          -14227775.           -3583684.                  0.            8124019.                  0.
 367            1215422.            4035309.            6268669.          -19674693.             -74077.                  0.            8229371.                 -0.
 368             849897.            9316492.           11095916.          -22240444.             -89371.                  0.            1067510.                  0.
 369            3659122.            6067363.           13090226.          -23470365.            -887354.                  0.            1541008.                  0.
 370                  0.            1233125.           16573097.          -19279007.            -815692.                  0.            2288478.                  0.
 371            3646518.            1124014.           10151014.          -14669999.           -1081936.                  0.             830389.                 -0.
 372            9361113.             329456.             307612.          -11927475.           -1089771.                  0.            3019065.                 -0.
 373           14670671.             633746.             167117.           -7621790.           -1343658.                  0.           -6506086.                 -0.
 374            6118191.                  0.                  0.           -2315223.            -764793.                  0.           -3038175.                 -0.
 375           27661013.                  0.                  0.            -402667.          -11569612.                  0.          -15688733.                  0.
 376           11178977.                  0.                  0.            -830437.           -9494731.                  0.            -853809.                  0.
 377            3106930.                  0.                  0.           -1401527.           -2189440.                  0.             484037.                  0.
 378            5951578.               1492.              23009.          -13974962.            -673177.                  0.            8672060.                 -0.
 379            7108643.            2362477.            3056058.          -16618680.            -624796.                  0.            4716299.                 -0.
 380            4815593.            7180813.            7559848.          -21886392.            -415957.                  0.            2746095.                  0.
 381            8312436.            8168971.            8470726.          -23934024.           -2399076.                  0.            1380967.                 -0.
 382            2025260.                  0.            9661822.          -21532294.            -237920.                  0.           10083133.                  0.
 383             988844.                  0.            6367636.          -11843369.            -158803.                  0.            4645692.                  0.
 384             878538.                  0.            1262322.           -4219688.            -118805.                  0.            2197633.                 -0.
 385             875580.                  0.             382063.           -2435265.             -53374.                  0.            1230996.                 -0.
 386            8782334.                  0.                  0.           -2598748.            -709287.                  0.           -5474299.                 -0.
 387           33791667.                  0.                  0.            -304914.           -8233467.                  0.          -25253286.                 -0.
 388           22613174.                  0.                  0.            -784587.          -17245649.                  0.           -4582938.                  0.
 389           11851133.                  0.                  0.           -1292762.           -8869735.                  0.           -1688635.                  0.
 390           19149931.                  0.                  0.           -8688636.          -13354275.                  0.            2892981.                  0.
 391            3008391.            2090545.            2599359.          -18002267.            -168698.                  0.           10472669.                 -0.
 392            6649291.            7092900.            8854731.          -24002534.            -505705.                  0.            1911318.                 -0.
 393            4678892.            8269477.           10266776.          -22926943.           -1664003.                  0.            1375800.                 -0.
 394                  0.            8503396.           13707427.          -23221171.           -1816938.                  0.            2827286.                 -0.
 395            2557434.            3027663.           10663370.          -16699722.           -1030892.                  0.            1482147.                 -0.
 396            4899741.            3194193.            1612943.          -11958737.           -1237084.                  0.            3488943.                  0.
 397            1978258.            1513197.             483561.           -7602796.            -303297.                  0.            3931076.                  0.
 398            6303012.                  0.                  0.           -2466370.            -496512.                  0.           -3340130.                 -0.
 399           13221496.                  0.                  0.            -361826.           -3034603.                  0.           -9825067.                 -0.
 400           24002398.             173705.                  0.            -626432.          -10501280.                  0.          -13048392.                  0.
 401           11111428.             512323.                  0.           -1101122.           -8954294.                  0.           -1568335.                  0.
 402           13891063.            1059813.                193.          -10636522.           -7378051.                  0.            3063505.                 -0.
 403            5604880.            1546622.            1875212.          -17319308.            -608231.                  0.            8900825.                 -0.
 404            3335430.            8750971.           10469986.          -25588150.            -509824.                  0.            3541587.                 -0.
 405                  0.           10169192.           12024789.          -23336974.           -1630541.                  0.            2773534.                  0.
 406                  0.            7084407.           12550306.          -21866235.           -1458204.                  0.            3689726.                 -0.
 407            1624499.            3484071.            9796974.          -16980290.            -620508.                  0.            2695254.                  0.
 408             692616.            3387932.            1555428.          -10199270.            -371101.                  0.            4934395.                 -0.
